5	0.004514003 cost:1035.5381050969415 [0, 1, 2, 3, 4, ]
6	0.018608555 cost:1263.53647044034 [1, 3, 5, 4, 2, 0, ]
7	0.034789909 cost:1380.11589208186 [1, 2, 6, 0, 5, 4, 3, ]
8	0.09133924 cost:1287.156026755789 [0, 1, 2, 5, 3, 6, 4, 7, ]
9	0.119990222 cost:1482.6802316358637 [3, 2, 0, 4, 6, 5, 1, 8, 7, ]
10	0.117431766 cost:1450.1703680749367 [4, 7, 2, 1, 0, 8, 6, 5, 3, 9, ]
11	0.481157228 cost:1417.6875804200772 [0, 1, 6, 10, 9, 2, 3, 8, 7, 4, 5, ]
12	7.810816203 cost:1583.948783886288 [3, 7, 2, 9, 5, 4, 1, 0, 6, 10, 11, 8, ]
13	4.266559831 cost:1563.0653477526369 [1, 7, 11, 10, 12, 3, 2, 4, 6, 0, 8, 5, 9, ]
14	45.064984029 cost:1672.9062790107942 [0, 3, 10, 9, 13, 7, 8, 2, 5, 4, 12, 6, 1, 11, ]
15	324.016151595 cost:1881.031612578937 [2, 7, 5, 11, 4, 0, 8, 12, 13, 6, 9, 1, 3, 10, 14, ]
16	1412.087900145 cost:1554.3393099650143 [9, 0, 5, 10, 2, 8, 1, 6, 15, 13, 14, 11, 4, 3, 7, 12, ]
17	2857.396448456 cost:1880.393487959674 [1, 5, 9, 3, 7, 15, 10, 12, 13, 8, 16, 4, 0, 2, 6, 14, 11, ]
18	16009.370241442 cost:2063.635033480588 [12, 2, 14, 13, 8, 4, 7, 5, 15, 0, 16, 17, 3, 6, 1, 9, 11, 10, ]
19	28706.802312513 cost:1769.3660431639642 [0, 11, 2, 10, 1, 13, 7, 4, 15, 6, 12, 8, 5, 3, 16, 9, 14, 18, 17, ]
