5	0.001833213 cost:1035.5381050969415 [0, 1, 2, 3, 4, ]
6	0.006389195 cost:1263.5364704403403 [0, 1, 3, 5, 4, 2, ]
7	0.01741008 cost:1380.1158920818602 [0, 6, 2, 1, 3, 4, 5, ]
8	0.041918344 cost:1287.156026755789 [0, 1, 2, 5, 3, 6, 4, 7, ]
9	0.143326041 cost:1482.680231635864 [0, 2, 3, 7, 8, 1, 5, 6, 4, ]
10	0.086054311 cost:1450.170368074937 [0, 1, 2, 7, 4, 9, 3, 5, 6, 8, ]
11	0.060272226 cost:1417.6875804200772 [0, 1, 6, 10, 9, 2, 3, 8, 7, 4, 5, ]
12	0.405894951 cost:1583.9487838862883 [0, 6, 10, 11, 8, 3, 7, 2, 9, 5, 4, 1, ]
13	0.535432568 cost:1563.065347752637 [0, 6, 4, 2, 3, 12, 10, 11, 7, 1, 9, 5, 8, ]
14	3.586927051 cost:1672.9062790107942 [0, 3, 10, 9, 13, 7, 8, 2, 5, 4, 12, 6, 1, 11, ]
15	31.49439117 cost:1881.0316125789373 [0, 8, 12, 13, 6, 9, 1, 3, 10, 14, 2, 7, 5, 11, 4, ]
16	107.9854468 cost:1554.3393099650145 [0, 9, 12, 7, 3, 4, 11, 14, 13, 15, 6, 1, 8, 2, 10, 5, ]
17	207.900147513 cost:1880.3934879596743 [0, 4, 16, 8, 13, 12, 10, 15, 7, 3, 9, 5, 1, 11, 14, 6, 2, ]
18	584.82634939 cost:2063.6350334805884 [0, 15, 5, 7, 4, 8, 13, 14, 2, 12, 10, 11, 9, 1, 6, 3, 17, 16, ]
19	1370.196502121 cost:1769.3660431639642 [0, 11, 2, 10, 1, 13, 7, 4, 15, 6, 12, 8, 5, 3, 16, 9, 14, 18, 17, ]
20	4538.35353152 cost:1850.452575634664 [0, 14, 1, 10, 8, 4, 18, 7, 9, 15, 5, 3, 16, 2, 11, 6, 19, 12, 13, 17, ]