5	0.01000101 cost:1035.5381050969415 [0, 1, 2, 3, 4, ]
6	0.007769123 cost:1263.5364704403403 [0, 1, 3, 5, 4, 2, ]
7	0.013837536 cost:1380.1158920818602 [0, 6, 2, 1, 3, 4, 5, ]
8	0.033457383 cost:1287.1560267557893 [0, 7, 4, 6, 3, 5, 2, 1, ]
9	0.080424576 cost:1539.738397026033 [0, 7, 8, 3, 2, 1, 5, 6, 4, ]
10	0.058769298 cost:1674.2022247970046 [0, 9, 5, 3, 4, 8, 6, 7, 2, 1, ]
11	0.097055581 cost:1530.7463177705654 [0, 4, 5, 1, 6, 10, 9, 2, 3, 8, 7, ]
12	0.077279217 cost:1700.582714641857 [0, 6, 10, 5, 9, 2, 3, 7, 11, 8, 4, 1, ]
13	0.040006652 cost:1682.4151108777055 [0, 6, 8, 3, 12, 10, 11, 7, 1, 9, 5, 2, 4, ]
14	0.040279811 cost:1862.08907955145 [0, 3, 2, 5, 4, 12, 6, 1, 11, 8, 7, 13, 9, 10, ]
15	0.05332436 cost:2234.3349652290785 [0, 8, 4, 11, 7, 5, 12, 13, 6, 1, 3, 10, 14, 2, 9, ]
16	0.068658381 cost:1863.4629048664683 [0, 9, 12, 5, 10, 4, 3, 7, 11, 1, 6, 15, 13, 14, 8, 2, ]
17	0.08472691 cost:2127.2182255365046 [0, 4, 6, 2, 16, 8, 13, 3, 7, 15, 10, 12, 9, 5, 1, 11, 14, ]
18	0.073612857 cost:2293.7280139658133 [0, 15, 7, 4, 13, 8, 14, 12, 2, 10, 5, 1, 9, 11, 6, 3, 17, 16, ]
19	0.074344456 cost:2337.7197698325126 [0, 11, 2, 10, 1, 13, 7, 4, 8, 5, 3, 16, 9, 14, 17, 18, 12, 15, 6, ]
20	0.073878261 cost:1913.6511906828632 [0, 14, 1, 10, 18, 4, 8, 7, 9, 15, 5, 16, 3, 2, 17, 13, 11, 6, 19, 12, ]
21	0.099833796 cost:2782.75782838044 [0, 7, 6, 5, 17, 9, 8, 11, 4, 10, 12, 13, 14, 16, 15, 3, 19, 18, 1, 20, 2, ]
22	0.105392548 cost:2174.4103618343725 [0, 4, 18, 2, 8, 1, 16, 17, 12, 21, 19, 9, 3, 13, 10, 20, 6, 14, 11, 15, 5, 7, ]
23	0.121938408 cost:2608.51424608955 [0, 12, 3, 5, 7, 6, 19, 15, 4, 22, 13, 9, 17, 11, 2, 16, 8, 21, 1, 20, 18, 14, 10, ]
24	0.120766584 cost:2486.9976242931807 [0, 14, 6, 21, 23, 19, 7, 4, 9, 20, 12, 18, 16, 2, 8, 13, 1, 17, 22, 3, 11, 10, 15, 5, ]
